Date: 2025-03-24 03:39:50.629462
Participant 1: [30, 76, 72, 84, 53, 25, 43, 71, 3, 37, 19, 36, 88, 57, 28]
Participant 2: [3, 31, 87, 70, 93, 91, 53, 83, 13, 1, 94, 73, 80, 74, 33]
Participant 3: [94, 52, 89, 61, 6, 43, 30, 45, 75, 70, 17, 92, 25, 96, 49]
Participant 4: [86, 63, 16, 31, 59, 87, 68, 15, 10, 14, 32, 6, 36, 62, 61]
Participant 5: [31, 73, 17, 44, 97, 63, 19, 37, 86, 2, 72, 14, 47, 53, 40]
Participant 6: [14, 87, 22, 46, 62, 90, 86, 7, 56, 63, 21, 13, 44, 67, 79]
Participant 7: [26, 23, 5, 33, 4, 99, 43, 15, 66, 87, 47, 90, 61, 85, 49]
Participant 8: [22, 67, 35, 31, 21, 49, 98, 90, 38, 93, 5, 82, 8, 3, 72]
Participant 9: [30, 94, 24, 27, 67, 23, 65, 57, 19, 59, 39, 47, 93, 35, 36]
Participant 10: [99, 46, 93, 78, 22, 69, 30, 61, 94, 67, 34, 68, 5, 20, 17]
Participant 11: [52, 42, 15, 20, 3, 77, 95, 6, 34, 83, 62, 46, 27, 59, 45]
Participant 12: [9, 66, 87, 36, 27, 8, 83, 61, 71, 12, 96, 85, 33, 58, 48]
Participant 13: [11, 96, 16, 75, 99, 77, 55, 29, 48, 49, 71, 35, 5, 94, 69]
Participant 14: [81, 23, 36, 72, 8, 46, 88, 20, 84, 14, 28, 97, 78, 80, 89]
Participant 15: [1, 27, 81, 52, 88, 20, 9, 36, 42, 7, 38, 75, 60, 37, 3]
