Participant 1: [26, 71, 79, 37, 45, 76, 65, 16, 12, 30, 38, 56, 34, 95, 98]
Participant 2: [4, 38, 70, 1, 80, 10, 43, 27, 20, 75, 25, 68, 64, 35, 26]
Participant 3: [40, 58, 98, 85, 6, 79, 52, 18, 69, 37, 36, 1, 56, 15, 91]
Participant 4: [15, 9, 64, 37, 94, 65, 34, 69, 23, 70, 43, 11, 30, 57, 7]
Participant 5: [34, 94, 56, 87, 12, 9, 47, 26, 14, 43, 95, 1, 29, 41, 24]
Participant 6: [15, 88, 17, 81, 13, 52, 48, 54, 42, 45, 67, 35, 18, 96, 98]
Participant 7: [60, 50, 71, 80, 7, 77, 90, 66, 96, 59, 64, 17, 39, 43, 61]
Participant 8: [31, 20, 46, 56, 64, 65, 99, 94, 28, 37, 45, 73, 62, 44, 35]
Participant 9: [44, 45, 28, 17, 3, 89, 98, 55, 31, 36, 69, 1, 40, 25, 53]
Participant 10: [38, 46, 45, 85, 91, 95, 5, 73, 47, 36, 24, 16, 74, 53, 90]
Participant 11: [83, 57, 54, 71, 73, 31, 24, 9, 80, 65, 32, 38, 77, 17, 34]
Participant 12: [73, 3, 56, 86, 90, 97, 83, 39, 82, 40, 36, 13, 95, 75, 17]
Participant 13: [44, 78, 63, 1, 46, 48, 10, 9, 30, 38, 59, 87, 72, 6, 39]
Participant 14: [22, 83, 11, 75, 32, 7, 58, 91, 26, 87, 92, 27, 85, 51, 46]
Participant 15: [80, 69, 49, 87, 3, 96, 59, 47, 13, 18, 17, 83, 6, 63, 65]
